45.5240887039503;0.00682920403778553
46.1284761770549;-0.35083344578743
46.3889994923817;-0.325778156518936
46.4914400004199;-0.778321146965027
46.7282474741302;-1.15185165405273
46.7894793486308;-1.21985423564911
46.921497970296;-1.41345345973969
46.8212453787425;-1.69744074344635
46.7548410952359;-1.89990508556366
46.7119698475284;-2.06733417510986
46.6483888142739;-2.22334241867065
46.5951077458287;-2.29478573799133
46.4186304956419;-2.98348236083984
46.3097203819211;-3.30344915390015
46.2143070267516;-3.60122990608215
46.1893396519594;-3.74454307556152
46.0745698526293;-3.98079061508179
45.8180382548754;-4.4600133895874
45.7867636186676;-4.54189968109131
45.7365016555433;-4.89872598648071
45.6015157941909;-5.08966302871704
45.479277252253;-5.45541763305664
45.4755106128223;-5.56231927871704
45.3633047372617;-5.74721908569336
45.3024962703649;-5.94756555557251
45.1568628184829;-6.11598777770996
45.0550202689063;-6.26799249649048
44.9608385146253;-6.62649536132812
44.6360514723751;-7.15118026733398
44.5969085080902;-7.29725503921509
44.4256572575484;-7.51199626922607
44.2408872139497;-7.96473503112793
43.9522331505858;-8.44436931610107
43.9019127700918;-8.60769557952881
43.8089451272928;-8.72145938873291
43.7083587033303;-8.94898891448975
43.6494699555464;-9.13000297546387
43.5792958999954;-9.30312633514404
43.5169999209843;-9.6436185836792
43.2591512886346;-10.0053491592407
43.2300536535848;-10.0753173828125
43.1143435014839;-10.2021503448486
42.9815500740869;-10.5304126739502
42.8340474114578;-10.8862943649292
42.6593547471722;-11.3806476593018
42.4928430074628;-11.7118835449219
42.3673346725692;-11.9204092025757
42.2851051125791;-12.1043453216553
42.0456081372154;-12.4571285247803
41.9156801707267;-12.6471138000488
41.6867032069041;-12.9628105163574
41.5647681904025;-13.1680402755737
41.5334223005985;-13.241868019104
41.4319909456344;-13.4268922805786
41.3184302009819;-13.6020097732544
41.2689950853587;-13.694712638855
41.1049724603351;-13.9640579223633
40.9956773543053;-14.1042947769165
40.8283869605761;-14.419038772583
40.73157644473;-14.5976858139038
40.6622755641621;-14.720043182373
40.579426702153;-14.9190692901611
40.4467201200613;-15.0844964981079
40.3550056738519;-15.2952461242676
40.2561232629064;-15.434061050415
40.1144826014946;-15.6285219192505
40.0402043564929;-15.854528427124
39.9174235953538;-16.0325660705566
39.8666635220946;-16.0916061401367
39.8666635220946;-16.0916061401367
39.7440928649168;-16.3325424194336
39.5614641212097;-16.7496356964111
39.3979634597128;-16.9628753662109
39.2980543662001;-17.1764297485352
39.1381769095117;-17.3619575500488
38.9338505609137;-17.6677494049072
38.8992509505513;-17.7312965393066
38.7605633501149;-17.9813423156738
38.6759934777272;-18.0710029602051
38.5879494211454;-18.1592464447021
38.5141365234325;-18.2584056854248
38.4439392007509;-18.4034042358398
38.40388661408;-18.5164165496826
38.2292950137407;-18.7119827270508
38.1151148683429;-18.913501739502
38.0809949014546;-18.9601268768311
37.9670865939531;-19.1091995239258
37.9092055029722;-19.185115814209
37.8253351644371;-19.2898826599121
37.7533341015104;-19.3321170806885
37.5496270982661;-19.5400390625
37.5309932237948;-19.5654811859131
37.4422313277899;-19.6688022613525
37.406152481541;-19.7100791931152
37.2320873506359;-19.9291496276855
37.1759956693764;-19.9862670898438
37.00124529257;-20.2886486053467
36.9024243143884;-20.4664459228516
36.8019521289975;-20.6110897064209
36.6042528750914;-20.9690361022949
36.5081890018803;-21.128023147583
36.4676788855473;-21.225715637207
36.2394412816982;-21.5814800262451
36.1762642770801;-21.7310276031494
36.1173463716273;-21.8968048095703
36.1141734875812;-21.9069290161133
36.0183165815258;-22.1004829406738
35.937536866765;-22.2162990570068
35.83807917896;-22.4669132232666
35.6261496446791;-22.622838973999
35.4678205206717;-22.8058128356934
35.2838086340283;-23.0153865814209
34.9668550350944;-23.3767738342285
34.9188264370188;-23.6984977722168
34.5894031002657;-23.9693813323975
34.4764879422388;-24.2029876708984
34.3734696407659;-24.353214263916
34.3129533369832;-24.4637069702148
34.1229737331365;-24.9274768829346
34.1124471615327;-24.9631671905518
34.0981315533442;-25.0256938934326
34.0775044561868;-25.1790447235107
34.0450232959254;-25.2297286987305
34.0246744951263;-25.2642288208008
33.973387674325;-25.364616394043
33.9591541649487;-25.3858032226562
33.8399961195302;-25.5108814239502
33.5894655564516;-25.8760585784912
33.4613217937492;-26.0953598022461
33.1071750304652;-26.5358638763428
32.85835231096;-26.9848709106445
32.5306150919724;-27.4050025939941
32.4490975279327;-27.6993885040283
32.2408416306539;-28.0616798400879
31.8949275301287;-28.2828197479248
31.8334174935987;-28.3577136993408
31.6754177672791;-28.5591297149658
31.587898422108;-28.7387676239014
31.4734941875768;-28.9060707092285
31.4173943771231;-29.0091209411621
31.2803523362214;-29.1794872283936
31.2130944652658;-29.2698669433594
31.1009774176007;-29.4254455566406
31.0443026515407;-29.5132369995117
30.9172979657084;-29.6169834136963
30.7799863616644;-29.7770156860352
30.7613559558858;-29.79762840271
30.7200228077713;-29.8416442871094
30.6546771635548;-29.8564510345459
30.4370040119492;-29.8274688720703
29.8864542949603;-29.407205581665
29.5119650675079;-29.2478885650635
29.2566841948304;-29.1310977935791
29.2114360814097;-29.1033706665039
28.9030845051605;-28.9829406738281
29.1174971922351;-28.6516971588135
29.2504907123711;-28.4299430847168
29.3696727561169;-28.3144721984863
29.5296611681305;-27.855037689209
29.6643848564376;-27.6610946655273
29.8280753696361;-27.3974170684814
30.0145794820121;-27.0995006561279
30.2247771354286;-26.7853469848633
30.2384230114316;-26.7615222930908
30.2872396092158;-26.6618385314941
30.3618477252121;-26.5204410552979
30.4868656391994;-26.1985950469971
30.6872886289606;-25.8520584106445
30.8566500183887;-25.6380958557129
30.9906827721399;-25.4760551452637
31.1118754972915;-25.1222457885742
31.1365847572711;-25.071683883667
31.2540186357725;-24.8832912445068
31.3143500233223;-24.7294502258301
31.5909516418074;-24.301929473877
31.8075824231939;-24.0733757019043
31.9085727336886;-23.5949974060059
32.36147434392;-22.9805488586426
32.5971903001926;-22.609094619751
32.7027430545721;-22.5339889526367
32.9125187789301;-22.2448101043701
32.9256208560812;-22.2245464324951
33.2178384532687;-21.9472408294678
33.4058078168037;-21.7023410797119
33.4380617576639;-21.6570701599121
33.4688934486209;-21.6090564727783
33.6199829049409;-21.3821430206299
33.7956159191235;-21.0241966247559
33.9310338547885;-20.8701782226562
34.1928007083166;-20.5339450836182
34.2147383500315;-20.4633483886719
34.2882543783141;-20.3167762756348
34.4512251020645;-20.0090866088867
34.7385909403155;-19.5819892883301
34.8954466188177;-19.2035007476807
35.0009741644008;-19.0639381408691
35.3003522780763;-18.7210903167725
35.4494883657658;-18.3549327850342
35.7972161521043;-17.9180316925049
35.9871249306807;-17.7349987030029
36.2828372572685;-17.4128971099854
36.3548208432398;-17.2330913543701
36.5726892734868;-17.0049648284912
36.6565174892521;-16.8511524200439
36.8569063292964;-16.5344181060791
36.9406237213394;-16.4036388397217
37.1057624156188;-16.1339302062988
37.1586951016317;-15.9456729888916
37.4078417727709;-15.6190137863159
37.5443825729419;-15.3580808639526
37.6615090145527;-14.9288473129272
37.8266113961148;-14.6026983261108
37.9205043770397;-14.4229955673218
37.9919664120878;-14.1935272216797
37.9484112906995;-13.8163709640503
37.9515103867633;-13.8045797348022
38.023028934845;-13.7328004837036
38.2746093389508;-13.3100738525391
38.2994802508755;-13.2511205673218
38.4559267768431;-12.9616956710815
38.4765307984397;-12.8956146240234
38.5482590311297;-12.6272525787354
38.528237209408;-12.3936004638672
38.6997746426209;-12.1000461578369
38.7835361920301;-11.8570585250854
38.8932248501542;-11.6297044754028
38.936713786657;-11.5476808547974
39.0139870897488;-11.2438373565674
39.1041844710687;-10.9502086639404
39.1904134554855;-10.7738523483276
39.3431399007623;-10.5683269500732
39.5063572711341;-10.2535696029663
39.5233035994859;-10.1749114990234
39.5322108455285;-10.1326684951782
39.5695723114625;-10.0714797973633
39.6607701778873;-9.95728015899658
39.7538429841177;-9.80802917480469
40.0272420330735;-9.49856472015381
40.119661632685;-9.15170860290527
40.4081237640473;-8.74440670013428
40.605252728667;-8.60213756561279
40.7612593505883;-8.40204238891602
41.1089479143016;-7.96745204925537
41.1503684091861;-7.76579999923706
41.3158374674449;-7.55387592315674
41.520349490073;-7.04250860214233
41.7792150588382;-6.7533712387085
41.9974214536226;-6.42171812057495
42.0813185340114;-6.24614477157593
42.1589819662551;-6.06473112106323
42.20588845695;-5.95292186737061
42.2927186644856;-5.82046031951904
42.4940634423995;-5.42953395843506
42.6676693068319;-5.10784482955933
42.7856258514601;-4.95421743392944
42.8926985280557;-4.82154178619385
43.0465635932819;-4.16192865371704
43.2363892033433;-4.01492738723755
43.4207445162358;-3.4837474822998
43.4938259733435;-3.21533989906311
43.753721823117;-2.56057143211365
43.8006282294319;-2.46659255027771
43.8538363439971;-2.19643807411194
44.0233464981099;-1.88591754436493
44.2173569331498;-1.61018359661102
44.2887400244446;-1.45420682430267
44.3097143059165;-1.43654274940491
44.4863530379298;-1.24653494358063
44.6439321628897;-0.955069720745087
44.7830264477519;-0.696085214614868
44.9445770955436;-0.126863822340965
